[gd_scene load_steps=13 format=2]

[ext_resource path="res://menu.gd" type="Script" id=1]
[ext_resource path="res://weapons/bong/static_bong.tscn" type="PackedScene" id=2]
[ext_resource path="res://items/weapons/pp2000_wm.tscn" type="PackedScene" id=3]
[ext_resource path="res://weapons/ak12/ak12_wm.tscn" type="PackedScene" id=4]
[ext_resource path="res://weapons/remington/shotgun_wm.tscn" type="PackedScene" id=5]
[ext_resource path="res://props/table.tscn" type="PackedScene" id=6]
[ext_resource path="res://effects/prtcls.tscn" type="PackedScene" id=7]
[ext_resource path="res://416579a9-8694-4b41-9134-9f52e45f7bf1.jpg" type="Texture" id=8]

[sub_resource type="ProceduralSky" id=1]
radiance_size = 4
sky_top_color = Color( 0.44601, 0.894531, 0.352921, 1 )
sky_horizon_color = Color( 0, 0, 0, 1 )
sky_curve = 2.73207
sky_energy = 2.0
ground_bottom_color = Color( 0.332888, 0.480469, 0.170792, 1 )
ground_horizon_color = Color( 0, 0, 0, 1 )
ground_curve = 4.94558
sun_color = Color( 0.484375, 1, 0.516602, 1 )
sun_latitude = 0.0
sun_angle_min = 0.0
sun_angle_max = 0.0
sun_curve = 0.0933034
sun_energy = 0.0

[sub_resource type="Environment" id=2]
background_mode = 2
background_sky = SubResource( 1 )
ambient_light_color = Color( 0.316846, 0.347656, 0.315063, 1 )
ambient_light_energy = 0.5
ambient_light_sky_contribution = 0.5
fog_height_min = 0.0
fog_height_max = 100.0
ssao_quality = 0
glow_enabled = true
glow_intensity = 5.0

[sub_resource type="PlaneMesh" id=3]

[sub_resource type="SpatialMaterial" id=4]
albedo_texture = ExtResource( 8 )
metallic_specular = 0.0

[node name="menu" type="Spatial"]
script = ExtResource( 1 )

[node name="WorldEnvironment" type="WorldEnvironment" parent="."]
environment = SubResource( 2 )

[node name="bong2" parent="." instance=ExtResource( 2 )]
transform = Transform( 1, 0, 0, 0, 1, 0, 0, 0, 1, 1.1654, -0.218455, -0.567741 )

[node name="pp2000_wm" parent="." instance=ExtResource( 3 )]
transform = Transform( -0.0225576, 0.257834, -0.965926, 0.996195, 0.0871558, 0, 0.084186, -0.96225, -0.258819, 0.00923972, -0.0458902, 0.592852 )

[node name="akwm" parent="." instance=ExtResource( 4 )]
transform = Transform( -4.35451e-08, -0.996195, -0.0871557, 0.984808, 0.0151344, -0.172987, 0.173648, -0.0858316, 0.98106, 0.426549, 0.153425, -0.381691 )
shell = "9mm"
dmg = 5

[node name="shotgun" parent="." instance=ExtResource( 5 )]
transform = Transform( 0.0701706, -0.47343, -0.878032, 0.991085, 0.133022, 0.00748071, 0.113256, -0.870729, 0.478543, -0.26134, 0.017652, -0.546827 )
shell = "9mm"
dmg = 5
number = 1

[node name="SpotLight" type="SpotLight" parent="."]
transform = Transform( 1, 0, 0, 0, -4.37114e-08, 1, 0, -1, -4.37114e-08, 0.95278, 2.89099, -0.0334741 )
light_color = Color( 0.752028, 0.800781, 0.472336, 1 )
light_energy = 0.543639
shadow_enabled = true
spot_range = 6.61646
spot_angle = 34.1882

[node name="table" parent="." instance=ExtResource( 6 )]
transform = Transform( 0.718908, 0, -0.695105, 0, 1, 0, 0.695105, 0, 0.718908, 0.487364, -1.91014, -0.385955 )

[node name="prtcls" parent="table" instance=ExtResource( 7 )]
transform = Transform( 1, 0, 0, 0, 1, 0, 0, 0, 1, 0.0307618, 2.89111, 0.175743 )

[node name="rotator" type="Spatial" parent="."]
transform = Transform( 0.686109, -0.339422, 0.643465, -0.00734878, 0.881211, 0.472667, -0.727462, -0.329029, 0.602112, 0.427017, 0, -0.194522 )

[node name="Camera" type="Camera" parent="rotator"]
transform = Transform( 1, 0, 0, 0, 0.974901, 0.222637, 0, -0.222637, 0.974901, -1.19209e-07, 1, 3 )

[node name="ff" type="MeshInstance" parent="."]
transform = Transform( 0.0324495, 0.993651, -0.110328, -0.0128939, 0.110542, 0.993833, 1.4709, -0.0209519, 0.0111459, -4.23754, 1, 0 )
visible = false
mesh = SubResource( 3 )
material/0 = SubResource( 4 )

[node name="cntr" type="Control" parent="."]
anchor_top = 0.5
anchor_bottom = 0.5
margin_left = 128.0
margin_top = -20.0
margin_right = 168.0
margin_bottom = 20.0

[node name="play" type="Button" parent="cntr"]
margin_left = -102.0
margin_right = 136.0
margin_bottom = 30.0
text = "New Game"

[node name="quit" type="Button" parent="cntr"]
margin_left = -102.0
margin_top = 150.0
margin_right = 136.0
margin_bottom = 180.0
text = "Quit"

[node name="settings" type="Button" parent="cntr"]
margin_left = -102.0
margin_top = 100.0
margin_right = 136.0
margin_bottom = 130.0
text = "Settings"

[node name="load" type="Button" parent="cntr"]
margin_left = -102.0
margin_top = 50.0
margin_right = 136.0
margin_bottom = 80.0
text = "Load Game"

[node name="fade" type="ColorRect" parent="."]
anchor_right = 1.0
anchor_bottom = 1.0
mouse_filter = 2
color = Color( 0, 0, 0, 1 )

[connection signal="pressed" from="cntr/play" to="." method="_on_Button_pressed"]
[connection signal="pressed" from="cntr/quit" to="." method="_on_quit_pressed"]
[connection signal="pressed" from="cntr/settings" to="." method="_on_settings_pressed"]
[connection signal="pressed" from="cntr/load" to="." method="_on_load_pressed"]
